-3.786368042397074e-05
-4.7315814029413257e-05
-3.901572004548631e-05
-6.096865214149776e-05
-9.207645607184132e-05
-0.00015820808175858613
-0.00035477766848798027
-0.0008245458750386055
-0.0019585875098538
-0.0046510665654743676
-0.01109060466809268
-0.026423406167000642
-0.06296239438186639
-0.15010224130002675
-0.35776631846237433
0.1471131752776102
-0.06047731310642738
0.024874298472747705
-0.010229403901501791
0.004194392796890063
-0.00173490226350884
0.0007092853945643955
-0.00029813625000615966
0.0001175145197145916
-4.871768882768644e-05
1.8437184441329343e-05
-1.1787956077918259e-05
-3.2523059912260096e-06
-7.133205030532195e-06
-1.218806849256755e-05
-1.3747663926168252e-05
